version https://git-lfs.github.com/spec/v1
oid sha256:8f1aecaf2956d3266f8595978b6ea2b0c41b40bc81da0f0c86f1693f9341ed31
size 17327
